500
1 84
2 60
3 35
4 7
5 73
6 94
7 16
8 64
9 34
10 21
11 11
12 97
13 20
14 87
15 24
16 53
17 21
18 61
19 31
20 7
21 36
22 1
23 90
24 64
25 29
26 98
27 61
28 90
29 26
30 98
31 31
32 60
33 38
34 46
35 47
36 53
37 76
38 100
39 84
40 43
41 48
42 70
43 95
44 52
45 46
46 84
47 41
48 91
49 60
50 59
51 43
52 92
53 19
54 81
55 72
56 45
57 87
58 85
59 68
60 70
61 37
62 38
63 37
64 82
65 81
66 23
67 1
68 46
69 39
70 48
71 27
72 40
73 1
74 4
75 98
76 50
77 52
78 55
79 64
80 47
81 34
82 11
83 76
84 66
85 8
86 65
87 87
88 40
89 81
90 21
91 65
92 31
93 5
94 75
95 85
96 71
97 18
98 24
99 62
100 27
101 69
102 23
103 61
104 93
105 45
106 75
107 14
108 96
109 45
110 94
111 84
112 36
113 41
114 78
115 78
116 91
117 98
118 17
119 11
120 13
121 19
122 65
123 90
124 62
125 9
126 36
127 40
128 99
129 88
130 30
131 10
132 25
133 84
134 85
135 63
136 76
137 47
138 56
139 42
140 13
141 69
142 84
143 4
144 58
145 96
146 94
147 86
148 69
149 85
150 96
151 25
152 49
153 42
154 37
155 72
156 39
157 43
158 92
159 84
160 25
161 69
162 60
163 50
164 45
165 73
166 74
167 64
168 65
169 52
170 40
171 43
172 13
173 64
174 25
175 86
176 5
177 12
178 78
179 1
180 52
181 7
182 58
183 48
184 18
185 74
186 11
187 52
188 63
189 71
190 21
191 83
192 48
193 43
194 69
195 23
196 21
197 89
198 4
199 76
200 90
201 66
202 53
203 51
204 96
205 25
206 32
207 32
208 12
209 70
210 63
211 11
212 41
213 66
214 26
215 46
216 48
217 49
218 48
219 1
220 86
221 16
222 2
223 73
224 12
225 79
226 79
227 16
228 38
229 92
230 34
231 73
232 64
233 40
234 53
235 93
236 81
237 37
238 82
239 100
240 28
241 80
242 4
243 90
244 21
245 86
246 22
247 34
248 45
249 71
250 2
251 85
252 98
253 48
254 16
255 100
256 71
257 40
258 84
259 2
260 6
261 8
262 71
263 58
264 13
265 70
266 77
267 87
268 55
269 37
270 31
271 84
272 86
273 7
274 65
275 97
276 83
277 61
278 43
279 16
280 31
281 44
282 52
283 35
284 2
285 98
286 67
287 63
288 65
289 38
290 27
291 16
292 14
293 24
294 2
295 49
296 26
297 6
298 98
299 20
300 51
301 65
302 80
303 64
304 24
305 6
306 48
307 43
308 89
309 60
310 29
311 41
312 33
313 77
314 62
315 79
316 17
317 90
318 74
319 21
320 15
321 47
322 43
323 66
324 38
325 72
326 55
327 5
328 94
329 39
330 22
331 24
332 63
333 83
334 99
335 4
336 61
337 29
338 55
339 49
340 22
341 46
342 47
343 2
344 9
345 83
346 57
347 82
348 35
349 42
350 29
351 24
352 25
353 72
354 50
355 46
356 60
357 64
358 6
359 5
360 81
361 52
362 42
363 40
364 63
365 53
366 56
367 47
368 78
369 20
370 55
371 36
372 15
373 51
374 83
375 84
376 45
377 9
378 60
379 91
380 77
381 57
382 92
383 99
384 69
385 15
386 92
387 85
388 93
389 48
390 12
391 80
392 99
393 81
394 43
395 72
396 57
397 63
398 52
399 61
400 51
401 2
402 16
403 73
404 24
405 24
406 8
407 29
408 11
409 16
410 8
411 7
412 7
413 36
414 68
415 69
416 81
417 29
418 20
419 16
420 30
421 15
422 68
423 6
424 60
425 54
426 54
427 88
428 37
429 58
430 30
431 81
432 56
433 65
434 1
435 6
436 83
437 56
438 95
439 19
440 81
441 12
442 29
443 100
444 19
445 62
446 26
447 73
448 29
449 2
450 43
451 73
452 66
453 9
454 41
455 9
456 43
457 52
458 41
459 70
460 91
461 34
462 51
463 84
464 72
465 95
466 9
467 58
468 82
469 77
470 27
471 3
472 36
473 71
474 17
475 82
476 88
477 84
478 63
479 100
480 89
481 86
482 58
483 80
484 62
485 58
486 11
487 80
488 84
489 22
490 13
491 77
492 45
493 6
494 16
495 42
496 35
497 3
498 72
499 44
500 67