1000
1 11
2 45
3 77
4 62
5 12
6 90
7 67
8 46
9 96
10 54
11 49
12 32
13 78
14 41
15 8
16 14
17 8
18 33
19 89
20 8
21 27
22 45
23 52
24 40
25 79
26 74
27 35
28 30
29 18
30 3
31 30
32 6
33 23
34 64
35 74
36 98
37 92
38 61
39 23
40 33
41 80
42 3
43 70
44 36
45 67
46 19
47 98
48 27
49 26
50 31
51 83
52 74
53 53
54 81
55 13
56 75
57 5
58 24
59 32
60 53
61 76
62 51
63 67
64 23
65 60
66 60
67 96
68 50
69 86
70 19
71 100
72 12
73 81
74 27
75 5
76 18
77 23
78 14
79 7
80 34
81 16
82 53
83 36
84 36
85 71
86 34
87 91
88 78
89 69
90 90
91 76
92 66
93 40
94 15
95 17
96 86
97 33
98 73
99 99
100 58
101 50
102 54
103 27
104 65
105 52
106 90
107 66
108 85
109 13
110 90
111 33
112 57
113 52
114 33
115 53
116 85
117 59
118 28
119 73
120 2
121 43
122 79
123 46
124 99
125 32
126 49
127 29
128 9
129 85
130 68
131 98
132 100
133 64
134 96
135 9
136 40
137 46
138 4
139 71
140 97
141 51
142 48
143 34
144 64
145 4
146 51
147 22
148 56
149 61
150 89
151 45
152 41
153 56
154 98
155 27
156 45
157 46
158 87
159 69
160 3
161 47
162 84
163 80
164 29
165 89
166 80
167 2
168 60
169 57
170 59
171 70
172 40
173 9
174 68
175 80
176 12
177 25
178 9
179 71
180 76
181 98
182 91
183 11
184 95
185 43
186 42
187 96
188 88
189 64
190 89
191 20
192 5
193 17
194 5
195 16
196 67
197 20
198 9
199 58
200 74
201 70
202 71
203 1
204 18
205 36
206 76
207 5
208 99
209 23
210 76
211 70
212 90
213 38
214 86
215 93
216 75
217 39
218 20
219 17
220 94
221 32
222 20
223 2
224 20
225 82
226 80
227 93
228 95
229 47
230 88
231 82
232 40
233 22
234 79
235 34
236 94
237 93
238 71
239 68
240 66
241 87
242 18
243 17
244 40
245 44
246 73
247 100
248 93
249 42
250 20
251 93
252 15
253 73
254 58
255 59
256 50
257 84
258 47
259 8
260 41
261 29
262 68
263 22
264 31
265 80
266 98
267 32
268 79
269 77
270 21
271 48
272 2
273 45
274 53
275 53
276 7
277 67
278 31
279 29
280 46
281 9
282 87
283 81
284 37
285 97
286 60
287 8
288 11
289 11
290 2
291 99
292 49
293 45
294 30
295 93
296 47
297 90
298 36
299 1
300 5
301 1
302 24
303 13
304 93
305 96
306 80
307 26
308 1
309 13
310 66
311 25
312 95
313 43
314 55
315 74
316 5
317 32
318 28
319 88
320 56
321 83
322 85
323 57
324 27
325 64
326 39
327 8
328 38
329 75
330 89
331 40
332 45
333 38
334 9
335 61
336 39
337 23
338 96
339 41
340 9
341 1
342 87
343 71
344 57
345 10
346 76
347 5
348 83
349 17
350 15
351 71
352 76
353 91
354 48
355 40
356 66
357 60
358 15
359 39
360 4
361 36
362 37
363 18
364 17
365 4
366 58
367 47
368 18
369 44
370 30
371 58
372 3
373 14
374 85
375 29
376 92
377 33
378 67
379 1
380 17
381 90
382 4
383 62
384 83
385 41
386 68
387 91
388 24
389 99
390 61
391 35
392 12
393 33
394 1
395 89
396 57
397 51
398 78
399 81
400 20
401 60
402 21
403 86
404 52
405 74
406 45
407 25
408 66
409 93
410 49
411 32
412 41
413 84
414 49
415 55
416 35
417 79
418 45
419 51
420 82
421 23
422 94
423 54
424 3
425 40
426 88
427 39
428 44
429 29
430 19
431 66
432 69
433 56
434 16
435 85
436 94
437 84
438 65
439 35
440 20
441 1
442 12
443 60
444 17
445 85
446 25
447 89
448 64
449 24
450 83
451 37
452 8
453 27
454 40
455 42
456 90
457 44
458 49
459 89
460 88
461 42
462 60
463 82
464 43
465 27
466 65
467 78
468 70
469 24
470 11
471 5
472 97
473 99
474 93
475 2
476 49
477 71
478 15
479 96
480 2
481 10
482 36
483 2
484 11
485 100
486 45
487 51
488 80
489 25
490 64
491 18
492 56
493 28
494 62
495 9
496 83
497 48
498 76
499 8
500 45
501 82
502 26
503 5
504 89
505 29
506 52
507 76
508 52
509 21
510 47
511 37
512 32
513 53
514 17
515 45
516 28
517 52
518 35
519 57
520 33
521 23
522 13
523 68
524 12
525 70
526 72
527 80
528 94
529 29
530 63
531 62
532 55
533 31
534 85
535 68
536 86
537 31
538 32
539 11
540 85
541 19
542 13
543 19
544 34
545 77
546 93
547 63
548 30
549 82
550 48
551 61
552 52
553 48
554 45
555 41
556 84
557 1
558 57
559 98
560 65
561 31
562 42
563 33
564 86
565 43
566 55
567 14
568 90
569 69
570 19
571 38
572 100
573 46
574 44
575 65
576 13
577 87
578 80
579 79
580 4
581 17
582 67
583 81
584 90
585 90
586 45
587 11
588 65
589 95
590 9
591 21
592 35
593 37
594 6
595 8
596 9
597 28
598 46
599 36
600 23
601 19
602 40
603 81
604 94
605 93
606 87
607 76
608 39
609 37
610 16
611 96
612 92
613 86
614 70
615 75
616 22
617 30
618 77
619 31
620 94
621 37
622 13
623 66
624 5
625 58
626 62
627 75
628 11
629 49
630 25
631 78
632 38
633 1
634 97
635 86
636 64
637 42
638 34
639 16
640 97
641 48
642 74
643 46
644 41
645 42
646 73
647 17
648 59
649 61
650 14
651 40
652 94
653 72
654 94
655 2
656 65
657 14
658 22
659 86
660 100
661 60
662 39
663 44
664 90
665 85
666 39
667 92
668 87
669 91
670 39
671 52
672 1
673 72
674 99
675 28
676 9
677 59
678 97
679 94
680 93
681 85
682 46
683 15
684 43
685 20
686 24
687 11
688 46
689 59
690 28
691 48
692 47
693 37
694 54
695 23
696 83
697 55
698 39
699 67
700 25
701 59
702 43
703 67
704 33
705 15
706 91
707 54
708 52
709 33
710 21
711 68
712 71
713 30
714 83
715 34
716 38
717 81
718 40
719 4
720 74
721 56
722 87
723 50
724 2
725 53
726 31
727 28
728 82
729 20
730 55
731 79
732 19
733 87
734 6
735 20
736 82
737 80
738 43
739 29
740 34
741 41
742 21
743 87
744 60
745 1
746 42
747 92
748 26
749 81
750 80
751 17
752 45
753 24
754 62
755 53
756 78
757 51
758 75
759 35
760 28
761 29
762 35
763 28
764 53
765 33
766 34
767 27
768 69
769 56
770 2
771 40
772 24
773 86
774 98
775 87
776 43
777 92
778 14
779 98
780 20
781 8
782 58
783 21
784 50
785 30
786 38
787 16
788 18
789 7
790 6
791 13
792 27
793 43
794 34
795 21
796 20
797 23
798 73
799 40
800 63
801 40
802 63
803 86
804 37
805 52
806 13
807 85
808 100
809 18
810 73
811 46
812 72
813 95
814 93
815 49
816 99
817 46
818 38
819 78
820 45
821 63
822 57
823 11
824 18
825 21
826 63
827 67
828 45
829 50
830 87
831 46
832 32
833 26
834 14
835 1
836 30
837 41
838 31
839 65
840 91
841 35
842 92
843 13
844 15
845 86
846 37
847 65
848 81
849 57
850 53
851 25
852 12
853 67
854 3
855 77
856 43
857 68
858 15
859 45
860 70
861 78
862 99
863 39
864 39
865 46
866 79
867 45
868 22
869 72
870 5
871 83
872 62
873 75
874 35
875 82
876 84
877 55
878 47
879 90
880 48
881 78
882 60
883 20
884 18
885 57
886 85
887 92
888 54
889 61
890 67
891 87
892 41
893 14
894 84
895 61
896 47
897 87
898 79
899 17
900 2
901 40
902 75
903 40
904 38
905 59
906 95
907 56
908 77
909 4
910 70
911 40
912 53
913 14
914 100
915 60
916 45
917 30
918 80
919 73
920 32
921 29
922 80
923 74
924 87
925 100
926 15
927 51
928 44
929 7
930 48
931 46
932 85
933 47
934 20
935 80
936 12
937 61
938 75
939 41
940 27
941 83
942 83
943 80
944 48
945 15
946 74
947 30
948 56
949 12
950 19
951 51
952 42
953 55
954 70
955 11
956 84
957 20
958 31
959 22
960 96
961 36
962 61
963 46
964 56
965 89
966 28
967 41
968 69
969 47
970 55
971 98
972 54
973 20
974 63
975 16
976 16
977 1
978 94
979 71
980 19
981 6
982 71
983 41
984 76
985 59
986 1
987 6
988 25
989 15
990 82
991 51
992 34
993 94
994 93
995 35
996 61
997 26
998 26
999 75
1000 42